500 
5.043980 
0.614905 
3.880401 
3.587026 
2.771364 
0.625282 
0.808644 
4.295415 
0.169208 
0.390794 
12.420745 
0.230912 
0.408707 
1.000202 
0.853658 
3.834677 
0.911391 
0.556943 
12.562616 
0.592940 
1.718618 
0.243846 
0.785854 
6.772923 
0.741919 
0.034531 
1.819255 
4.547467 
1.145343 
0.610083 
1.671877 
2.884165 
1.278556 
0.844862 
0.691184 
1.063257 
0.959498 
0.386955 
0.874333 
15.242657 
4.069191 
1.175629 
0.596610 
2.192566 
0.798609 
3.606698 
0.653041 
1.578153 
0.499075 
9.636618 
0.241644 
0.972362 
1.072364 
1.509594 
1.691391 
0.308373 
10.767662 
0.174862 
3.454480 
0.375891 
0.713564 
16.705230 
1.199619 
0.332840 
3.137223 
0.390174 
1.303395 
0.690689 
0.593983 
0.124463 
1.194935 
21.138256 
1.732112 
0.564061 
0.457586 
0.099203 
5.470578 
7.518786 
0.670939 
0.240278 
1.110163 
1.164715 
0.959755 
0.681697 
0.252063 
0.644786 
0.941424 
0.455685 
0.692313 
2.079718 
2.304818 
1.179114 
8.984553 
1.244756 
0.882862 
3.029999 
0.196237 
75.683053 
0.812824 
0.055893 
0.042014 
0.972367 
0.979729 
1.434635 
12.636164 
0.526393 
1.654225 
0.353209 
1.007461 
1.133723 
1.429491 
1.015557 
1.322100 
8.819818 
0.965433 
0.416381 
0.782891 
4.726502 
0.123615 
0.195538 
2.034351 
0.949925 
0.267277 
0.752763 
3.233805 
0.557799 
0.760159 
1.984229 
4.151096 
4.145173 
1.838436 
1.556656 
10.001977 
0.187700 
22.573078 
2.018703 
0.428247 
13.984602 
1.512735 
0.798751 
0.280895 
0.321578 
5.285577 
2.036351 
0.128954 
1.443144 
29.040004 
2.042175 
0.463894 
0.347036 
0.359247 
1.122514 
1.145221 
0.841879 
4.852292 
0.909525 
1.048706 
4.325673 
1.153644 
8.025717 
2.140289 
3.333816 
0.468835 
0.096683 
11.998311 
5.379570 
1.135698 
1.002828 
7.570862 
0.053606 
0.891555 
1.136593 
0.167026 
0.382365 
1.949143 
0.122955 
0.805781 
2.952473 
1.993209 
0.119238 
1.898102 
1.147492 
0.824256 
0.512530 
135.805591 
0.414444 
4.272249 
2.885114 
1.905207 
0.920741 
0.553306 
1.614963 
0.383230 
0.995703 
0.668613 
1.057240 
1.588464 
0.173419 
0.379419 
5.924662 
0.001545 
0.122247 
2.490055 
3.201961 
0.052570 
0.595850 
15.797039 
1.185269 
0.751929 
0.175742 
0.841831 
0.302265 
1.700885 
0.897899 
1.887082 
0.301014 
2.333921 
13.279888 
0.013282 
1.447032 
3.132650 
2.283194 
0.616350 
0.271813 
0.339624 
1.151043 
0.616710 
0.575776 
1.220262 
0.972866 
1.413859 
1.009652 
1.000261 
1.095515 
0.470918 
2.109869 
0.205653 
0.240725 
3.087462 
0.629640 
2.651256 
0.185571 
0.181418 
0.504017 
0.959314 
1.096699 
4.636022 
0.166866 
0.395708 
1.079468 
1.386326 
0.999910 
1.162735 
0.884880 
0.276112 
0.745163 
0.654839 
0.315526 
0.428427 
13.196649 
4.749186 
0.551765 
0.613480 
14.375054 
0.181016 
0.231917 
0.927425 
0.753273 
2.695090 
0.031002 
2.883556 
0.009981 
2.721189 
0.630795 
1.027055 
0.066376 
0.542314 
2.818749 
0.893570 
0.198841 
1.272261 
0.894623 
1.404057 
10.259977 
0.124301 
0.056868 
10.234292 
0.741379 
0.090240 
0.206563 
0.649768 
2.883884 
1.633318 
1.475974 
0.750140 
0.803454 
0.572832 
0.332217 
0.371889 
7.025533 
0.491332 
7.457956 
5.189361 
0.389116 
1.820085 
0.035512 
9.325820 
0.236581 
0.322389 
0.737079 
0.735790 
0.239739 
2.256845 
2.273851 
0.734424 
0.800374 
2.481452 
1.105150 
0.017021 
30.917519 
5.061756 
0.329353 
1.045832 
0.102553 
0.905598 
0.798053 
0.564655 
0.016759 
0.772056 
12.629283 
3.941073 
0.719644 
0.448950 
0.936692 
1.238057 
0.943069 
9.045149 
6.314224 
1.570514 
1.168132 
1.457287 
0.785886 
3.258061 
0.462260 
0.587079 
1.547377 
1.833758 
3.006880 
0.251907 
1.277073 
4.712539 
5.859964 
0.353494 
0.105390 
1.500216 
0.141965 
0.808931 
1.231975 
0.623341 
0.750545 
3.988711 
0.053613 
4.880212 
3.416305 
0.230783 
0.285707 
0.963696 
2.055455 
0.152613 
0.589929 
0.238403 
0.622311 
2.654723 
0.402282 
1.606738 
0.691338 
0.925845 
1.088771 
1.391011 
0.067649 
2.372698 
1.455899 
1.959768 
2.984261 
2.256865 
0.345123 
1.074820 
3.941045 
0.199316 
0.559466 
1.427376 
0.975119 
0.555159 
0.786232 
1.165974 
0.186943 
5.693174 
0.010526 
0.567165 
0.709218 
7.015355 
13.886019 
2.337446 
0.182723 
0.606841 
0.603799 
0.724760 
0.862717 
0.379225 
0.665957 
0.714099 
2.968368 
3.288356 
1.901167 
0.625693 
0.108707 
0.941565 
1.363940 
0.052025 
1.987479 
1.099420 
11.311865 
3.466357 
0.196579 
0.955625 
0.205302 
0.577666 
0.627847 
54.039969 
1.669273 
0.115436 
0.101237 
1.124865 
1.227962 
0.608616 
2.077405 
4.779144 
0.731782 
0.644329 
1.037080 
0.099717 
34.391275 
0.452044 
0.776696 
1.417432 
33.227444 
0.326392 
3.166081 
0.442055 
0.220656 
0.706003 
0.676797 
0.286989 
0.882174 
0.510806 
13.983750 
1.951069 
0.175877 
1.176643 
1.057718 
1.283245 
6.162118 
1.852433 
1.324003 
4.056331 
0.254914 
8.500952 
1.173540 
5.644908 
0.793663 
0.850239 
1.188169 
1.112382 
4.676427 
0.907728 
0.424231 
0.635670 
3.424204 
0.170836 
0.839217 
0.564325 
0.862399 
3.038053 
6.863435 
1.076861 
3.675220 
1.466528 
0.111482 
0.414914 
2.092365 
0.642675 
1.087864 
0.057674 
7.806497 
1.566531 
0.569864 
1.928436 
0.902873 
0.085895 
0.889669 
0.389027 
0.818797 
5.743853 
0.625142 
0.603727 
0.330637 
1.307529 
1.382762 
2.605718 
1.184569 
0.656621 
1.033735 
0.836029 
1.143146 
7.189541 
22.520375 
3.161448 
0.232441 
2.525550 
0.234044 
237.154506 
0.219058 
1.313537 
15.033661 
1.476048 
0.510085 
0.622229 
2.396505 
0.302172 
0.939938 
0.454602 
1.758828 
0.833643 
2.317217 
1.045168 
26.325659 
1.586705 
0.075640 
0.467404 
2.466409 
8.326376 
0.451592 
0.961631 
0.013713 
0.027387 
0.915775 
0.018589 
8.830552 
0.994473 
0.800304 
0.545070 
5.975370 
1.268294 
0.246416 
5.230040 
54.320472 
0.857204 
0.678145 
0.716642 
0.855850 
3.596997 
0.713954 
15.522251 
1.073598 
6.006754 
0.237862 
0.394394 
0.421978 
2.341591 
10.251950 
2.563026 
1.218741 
0.159601 
2.480629 
2.816862 
0.659321 
1.254750 
0.563403 
0.149408 
2.187551 
1.238110 
1.406752 
7.048340 
2.494509 
75.705013 
1.441432 
0.122806 
0.812899 
0.592629 
0.304682 
0.495818 
0.401845 
2.719506 
0.390004 
9.429076 
0.859548 
1.870164 
0.556827 
0.517245 
2.361874 
1.412681 
0.690648 
0.333423 
1.753927 
1.511811 
0.894711 
0.395653 
1.951145 
0.999197 
0.258808 
1.789909 
2.202721 
0.705596 
1.041343 
1.841423 
0.650913 
1.365056 
0.063371 
0.931669 
0.541131 
0.680838 
0.132793 
1.457375 
0.801459 
0.517659 
0.760695 
0.718486 
0.763303 
0.542116 
0.721424 
1.111535 
0.224357 
0.614830 
0.455081 
22.379654 
8.400971 
11.037031 
6.368854 
158.612284 
0.468483 
0.712914 
0.106679 
0.753760 
0.308573 
0.897653 
1.961628 
2.303486 
1.394560 
2.616366 
5.212636 
1.180669 
1.873168 
0.117794 
0.688299 
0.560264 
0.408011 
1.072297 
1.811429 
5.403856 
0.212757 
1.630908 
0.077548 
9.024464 
1.592090 
4.254942 
1.692525 
1.131216 
0.983040 
1.201504 
16.831242 
0.134139 
1.049607 
1.210774 
1.060773 
0.567676 
2.263708 
2.362726 
1.049709 
1.026900 
0.461285 
0.409874 
1.365659 
1.132359 
1.293986 
0.104147 
1.428605 
0.574235 
3.067873 
1.646507 
1.300743 
9.370223 
0.430337 
0.697283 
465.029288 
0.293116 
0.524903 
1.411531 
0.446647 
1.627881 
2.618088 
0.445638 
0.619894 
9.832214 
0.887992 
0.374910 
3.792845 
0.028471 
3.091374 
0.341672 
4.068713 
0.873622 
1.609020 
1.592743 
4.226264 
0.844969 
0.745200 
0.707497 
0.333218 
0.498999 
7.688916 
0.736347 
1.074395 
0.795051 
0.954445 
0.774625 
19.400972 
1.054492 
2.595648 
0.803416 
0.365203 
0.190283 
2.427388 
0.408836 
1.063130 
0.127599 
0.138164 
0.616092 
0.915479 
0.803918 
0.064882 
0.822025 
1.700123 
1.372065 
0.170891 
3.075739 
0.670361 
0.911831 
0.660007 
0.591390 
0.104295 
0.845273 
1.847839 
1.354819 
2.769154 
0.520410 
0.448348 
1.064622 
3.260826 
0.130859 
13.819786 
3.384592 
0.695089 
3.666407 
7.387723 
10.326335 
1.579522 
1.061316 
1.473626 
2.940050 
0.602995 
0.099585 
0.248889 
5.671845 
0.469039 
0.861044 
0.836752 
1.029610 
1.513901 
0.796743 
0.554694 
3.522017 
0.827880 
0.972146 
1.100826 
12.735817 
2.752565 
0.865250 
0.049707 
0.952518 
0.217192 
6.026047 
0.692667 
4.554815 
0.833308 
2.096068 
3.112694 
0.676182 
1.074185 
1.053196 
0.979348 
1.028910 
0.534627 
0.722504 
0.780488 
0.405077 
1.243772 
0.745426 
15.014444 
1.058651 
1.333496 
0.463648 
0.873455 
1.160116 
0.712151 
6.754041 
0.455729 
1.139844 
0.547590 
1.259171 
0.990584 
21.317576 
0.459928 
0.512385 
1.169566 
1.601387 
0.844422 
0.975996 
3.765366 
0.475852 
2.787322 
1.039085 
1.698682 
0.818265 
0.009150 
2.568903 
0.421446 
2.012706 
695.374818 
1.399564 
9.655880 
1.152528 
0.242472 
26.112561 
1.197740 
0.020330 
0.659907 
4.062845 
2.452705 
1.896620 
1.024014 
16.645321 
1.148188 
1.284779 
0.531293 
1.486926 
0.920849 
6.840416 
6.173613 
0.489531 
0.332166 
2.912447 
0.107005 
0.115687 
0.564478 
0.190578 
2.504501 
5.085111 
2.536863 
0.781060 
0.984002 
0.343381 
1.522344 
1.355238 
1.216250 
0.250147 
0.028838 
0.093016 
18.045697 
2.823871 
3.500307 
0.290028 
1.841408 
2.156811 
0.758924 
0.055649 
1.236055 
0.065087 
2.762959 
0.528445 
0.014019 
0.423030 
0.318398 
1.338081 
0.054619 
0.701168 
0.513056 
2.115740 
3.449797 
0.111051 
0.406585 
3.952110 
0.613884 
0.086951 
4.099711 
1.046003 
1.332064 
1.463524 
0.432296 
0.213926 
1.947484 
0.896289 
1.218028 
0.392485 
0.302880 
2.253168 
0.007397 
1.420381 
19.414414 
2.422750 
0.380971 
0.563704 
0.096483 
1.113381 
1.786037 
2.614168 
0.902215 
5594.185003 
0.841499 
0.387568 
0.524029 
0.470162 
0.257688 
1.178846 
0.199752 
1.721654 
1.811105 
0.788368 
0.509795 
0.752943 
2.922753 
0.834813 
0.436932 
7.412235 
0.792418 
0.304579 
0.761350 
1.757695 
0.214505 
2.518352 
0.309824 
0.478284 
0.832344 
8.893950 
0.010130 
0.889848 
1.069534 
0.612551 
0.634175 
0.596762 
0.015673 
1.066768 
1.496839 
0.627299 
4.006339 
0.488556 
7.143728 
0.782055 
0.182184 
3.713888 
1.099681 
1.700012 
1.426453 
1.234863 
2.104100 
0.140862 
14.080272 
1.016869 
1.510457 
0.296662 
0.761492 
9.870849 
1.648943 
1.435227 
23.457731 
0.052221 
2.133191 
1.616245 
0.315158 
2.080125 
1.045348 
3.317488 
2.623866 
0.182325 
0.322579 
1.270164 
0.164107 
0.530615 
2.514345 
0.179830 
1.290463 
