500 
1.234000 
1142214656.000000 
1.234000 
-501473152.000000 
1.234000 
1278291366.000000 
1.234000 
97904376.000000 
1.234000 
-956346336.000000 
1.234000 
-545696532.000000 
1.234000 
999193120.000000 
1.234000 
664951352.000000 
1.234000 
-914848452.000000 
1.234000 
-63540818.000000 
1.234000 
1009726500.000000 
1.234000 
1622791936.000000 
1.234000 
1711907273.000000 
1.234000 
-925675764.000000 
1.234000 
-945224960.000000 
1.234000 
-1602819420.000000 
1.234000 
631057760.000000 
1.234000 
-1702566008.000000 
1.234000 
1916221043.000000 
1.234000 
1348687256.000000 
1.234000 
-719527058.000000 
1.234000 
769930696.000000 
1.234000 
-1310020920.000000 
1.234000 
585245860.000000 
1.234000 
2132196304.000000 
1.234000 
1922669088.000000 
1.234000 
1489870122.000000 
1.234000 
1693329115.000000 
1.234000 
-161171050.000000 
1.234000 
-867116748.000000 
1.234000 
1165264620.000000 
1.234000 
-966125044.000000 
1.234000 
1667519792.000000 
1.234000 
969386504.000000 
1.234000 
-1561406708.000000 
1.234000 
-1971193433.000000 
1.234000 
-1888226078.000000 
1.234000 
1605965666.000000 
1.234000 
1375296500.000000 
1.234000 
-2045177844.000000 
1.234000 
922784238.000000 
1.234000 
1432265533.000000 
1.234000 
638985463.000000 
1.234000 
1516162777.000000 
1.234000 
340831640.000000 
1.234000 
-136755146.000000 
1.234000 
-1900705642.000000 
1.234000 
1459709185.000000 
1.234000 
2001962975.000000 
1.234000 
667970180.000000 
1.234000 
-1407233096.000000 
1.234000 
413482872.000000 
1.234000 
381515072.000000 
1.234000 
-2067912887.000000 
1.234000 
175535953.000000 
1.234000 
-624516696.000000 
1.234000 
74317865.000000 
1.234000 
802253686.000000 
1.234000 
1470103262.000000 
1.234000 
1909242168.000000 
1.234000 
-893113480.000000 
1.234000 
897791496.000000 
1.234000 
862852434.000000 
1.234000 
-609149764.000000 
1.234000 
1423773274.000000 
1.234000 
1141013772.000000 
1.234000 
1221797528.000000 
1.234000 
-1846678928.000000 
1.234000 
-950348552.000000 
1.234000 
-1313939072.000000 
1.234000 
2104712366.000000 
1.234000 
1158639355.000000 
1.234000 
1272773676.000000 
1.234000 
-653183744.000000 
1.234000 
-335945920.000000 
1.234000 
208668932.000000 
1.234000 
608104517.000000 
1.234000 
970803663.000000 
1.234000 
-1603611162.000000 
1.234000 
-199522180.000000 
1.234000 
-1163595650.000000 
1.234000 
1081522192.000000 
1.234000 
-853084627.000000 
1.234000 
-66218627.000000 
1.234000 
921482288.000000 
1.234000 
-623159882.000000 
1.234000 
-164543134.000000 
1.234000 
-2089542627.000000 
1.234000 
1888710912.000000 
1.234000 
-146349203.000000 
1.234000 
-858318668.000000 
1.234000 
-1298321048.000000 
1.234000 
1802048541.000000 
1.234000 
37182950.000000 
1.234000 
760173955.000000 
1.234000 
-1072676148.000000 
1.234000 
287394476.000000 
1.234000 
1667022743.000000 
1.234000 
1340336198.000000 
1.234000 
-1698712216.000000 
1.234000 
73810272.000000 
1.234000 
251605876.000000 
1.234000 
194744396.000000 
1.234000 
105975208.000000 
1.234000 
-1820248466.000000 
1.234000 
-940380894.000000 
1.234000 
1599983310.000000 
1.234000 
-978145362.000000 
1.234000 
468123552.000000 
1.234000 
-1525922402.000000 
1.234000 
-837990672.000000 
1.234000 
-1508940721.000000 
1.234000 
-930719310.000000 
1.234000 
445440854.000000 
1.234000 
1893847588.000000 
1.234000 
-1586460107.000000 
1.234000 
-1942932508.000000 
1.234000 
1459773372.000000 
1.234000 
-752643731.000000 
1.234000 
1615476144.000000 
1.234000 
-1339418874.000000 
1.234000 
842546663.000000 
1.234000 
-902666682.000000 
1.234000 
-801789822.000000 
1.234000 
-1786457319.000000 
1.234000 
1634807979.000000 
1.234000 
-1237171094.000000 
1.234000 
1716950039.000000 
1.234000 
-1466850424.000000 
1.234000 
1622792812.000000 
1.234000 
-648406559.000000 
1.234000 
921181185.000000 
1.234000 
-706084388.000000 
1.234000 
1341263516.000000 
1.234000 
-593502470.000000 
1.234000 
1885431316.000000 
1.234000 
-1498755298.000000 
1.234000 
1607746228.000000 
1.234000 
1211546200.000000 
1.234000 
-1188438669.000000 
1.234000 
62909908.000000 
1.234000 
-984287016.000000 
1.234000 
1098864238.000000 
1.234000 
1360239388.000000 
1.234000 
-388525269.000000 
1.234000 
-969922648.000000 
1.234000 
-564481212.000000 
1.234000 
1845927322.000000 
1.234000 
-539543888.000000 
1.234000 
1544011608.000000 
1.234000 
549231340.000000 
1.234000 
-379327669.000000 
1.234000 
-36091275.000000 
1.234000 
-781959492.000000 
1.234000 
-1221272432.000000 
1.234000 
1215630848.000000 
1.234000 
2041064517.000000 
1.234000 
-1848531036.000000 
1.234000 
1481828326.000000 
1.234000 
-1467251464.000000 
1.234000 
456061836.000000 
1.234000 
239620054.000000 
1.234000 
740944672.000000 
1.234000 
1115004248.000000 
1.234000 
1554609764.000000 
1.234000 
863794829.000000 
1.234000 
-1820999678.000000 
1.234000 
1377029763.000000 
1.234000 
2030365145.000000 
1.234000 
1748122500.000000 
1.234000 
1823576966.000000 
1.234000 
731485196.000000 
1.234000 
1789369775.000000 
1.234000 
365877852.000000 
1.234000 
1384711516.000000 
1.234000 
-965068508.000000 
1.234000 
-974320996.000000 
1.234000 
-2009515348.000000 
1.234000 
884921344.000000 
1.234000 
446272557.000000 
1.234000 
-1223756336.000000 
1.234000 
1753135845.000000 
1.234000 
1117352613.000000 
1.234000 
136945240.000000 
1.234000 
213905424.000000 
1.234000 
1896477764.000000 
1.234000 
531509333.000000 
1.234000 
1750329936.000000 
1.234000 
-725203772.000000 
1.234000 
-1276438550.000000 
1.234000 
-190067948.000000 
1.234000 
1347501385.000000 
1.234000 
433135856.000000 
1.234000 
194734660.000000 
1.234000 
-891087981.000000 
1.234000 
-1957742006.000000 
1.234000 
-960832392.000000 
1.234000 
-1180904438.000000 
1.234000 
552956926.000000 
1.234000 
-741538388.000000 
1.234000 
1399963336.000000 
1.234000 
2105898915.000000 
1.234000 
1413609770.000000 
1.234000 
868876672.000000 
1.234000 
840983670.000000 
1.234000 
398196512.000000 
1.234000 
-625157106.000000 
1.234000 
-552152397.000000 
1.234000 
-1248067074.000000 
1.234000 
-2011605206.000000 
1.234000 
257342245.000000 
1.234000 
-1429621787.000000 
1.234000 
515204416.000000 
1.234000 
-1578468807.000000 
1.234000 
-826191509.000000 
1.234000 
1330873744.000000 
1.234000 
898089280.000000 
1.234000 
-443798075.000000 
1.234000 
1025051846.000000 
1.234000 
-1104001664.000000 
1.234000 
-360112096.000000 
1.234000 
-1562403340.000000 
1.234000 
-448089173.000000 
1.234000 
-370484582.000000 
1.234000 
-1571924664.000000 
1.234000 
1063555649.000000 
1.234000 
-1570919002.000000 
1.234000 
-94321939.000000 
1.234000 
-1760106896.000000 
1.234000 
-2128503056.000000 
1.234000 
-298380101.000000 
1.234000 
730075436.000000 
1.234000 
719051124.000000 
1.234000 
2060381010.000000 
1.234000 
-735505054.000000 
1.234000 
1309798662.000000 
1.234000 
994891168.000000 
1.234000 
-508120222.000000 
1.234000 
2035612592.000000 
1.234000 
-973186010.000000 
1.234000 
1150624912.000000 
1.234000 
-1606830773.000000 
1.234000 
-254351260.000000 
1.234000 
-1616848296.000000 
1.234000 
2131152896.000000 
1.234000 
-601274288.000000 
1.234000 
1369496800.000000 
1.234000 
2117787780.000000 
1.234000 
3909264.000000 
1.234000 
-1769341816.000000 
1.234000 
-612968128.000000 
1.234000 
-24753564.000000 
1.234000 
1032530976.000000 
1.234000 
175861180.000000 
1.234000 
-510979134.000000 
1.234000 
2047395066.000000 
1.234000 
1169102318.000000 
1.234000 
1823812417.000000 
1.234000 
-419440032.000000 
1.234000 
-449003388.000000 
1.234000 
576861936.000000 
1.234000 
-1275487606.000000 
1.234000 
1883420053.000000 
1.234000 
1037595086.000000 
1.234000 
2109722248.000000 
1.234000 
-1965780018.000000 
1.234000 
-749452006.000000 
1.234000 
1063608470.000000 
1.234000 
-198626220.000000 
1.234000 
-1634128610.000000 
1.234000 
1585681619.000000 
1.234000 
1906817684.000000 
1.234000 
801704622.000000 
1.234000 
-1520228304.000000 
1.234000 
246554389.000000 
1.234000 
1543143514.000000 
1.234000 
1072967476.000000 
1.234000 
-1966417118.000000 
1.234000 
-219289247.000000 
1.234000 
-1881299365.000000 
1.234000 
-800030690.000000 
1.234000 
-897059160.000000 
1.234000 
-1347755210.000000 
1.234000 
-2130025000.000000 
1.234000 
1307362660.000000 
1.234000 
1553081896.000000 
1.234000 
-637628469.000000 
1.234000 
15993501.000000 
1.234000 
717974592.000000 
1.234000 
-1411430160.000000 
1.234000 
-768498904.000000 
1.234000 
1548511570.000000 
1.234000 
-200225124.000000 
1.234000 
-2146866364.000000 
1.234000 
-1029154968.000000 
1.234000 
849271272.000000 
1.234000 
-879559385.000000 
1.234000 
1601721024.000000 
1.234000 
-534964060.000000 
1.234000 
2065451238.000000 
1.234000 
-286947272.000000 
1.234000 
-554732366.000000 
1.234000 
405474040.000000 
1.234000 
1739989332.000000 
1.234000 
502148256.000000 
1.234000 
-1711381129.000000 
1.234000 
83891900.000000 
1.234000 
1293279751.000000 
1.234000 
2061677680.000000 
1.234000 
2008429939.000000 
1.234000 
-766174552.000000 
1.234000 
-1008893105.000000 
1.234000 
1828412985.000000 
1.234000 
-200324194.000000 
1.234000 
-1369783216.000000 
1.234000 
938197524.000000 
1.234000 
603318176.000000 
1.234000 
-1458716346.000000 
1.234000 
1297648732.000000 
1.234000 
-1374463292.000000 
1.234000 
2143624213.000000 
1.234000 
1396308545.000000 
1.234000 
-1986689129.000000 
1.234000 
1674122561.000000 
1.234000 
1833556323.000000 
1.234000 
-1089083085.000000 
1.234000 
-1685051068.000000 
1.234000 
1466588496.000000 
1.234000 
2048272080.000000 
1.234000 
-39542932.000000 
1.234000 
1191097590.000000 
1.234000 
1202015484.000000 
1.234000 
-598375054.000000 
1.234000 
1458106975.000000 
1.234000 
568560843.000000 
1.234000 
-139741424.000000 
1.234000 
1050510256.000000 
1.234000 
-311247569.000000 
1.234000 
-310999295.000000 
1.234000 
-1394238338.000000 
1.234000 
-1264839980.000000 
1.234000 
97903618.000000 
1.234000 
-149009974.000000 
1.234000 
1609731696.000000 
1.234000 
-1810874198.000000 
1.234000 
808370176.000000 
1.234000 
1991059796.000000 
1.234000 
-1105562698.000000 
1.234000 
-1787144776.000000 
1.234000 
195497252.000000 
1.234000 
978679442.000000 
1.234000 
1414014752.000000 
1.234000 
1264287828.000000 
1.234000 
-694301764.000000 
1.234000 
-768792260.000000 
1.234000 
-1410455808.000000 
1.234000 
1604891420.000000 
1.234000 
-488123469.000000 
1.234000 
-954813724.000000 
1.234000 
552519261.000000 
1.234000 
-175426704.000000 
1.234000 
-13866718.000000 
1.234000 
113554793.000000 
1.234000 
1981953494.000000 
1.234000 
-2126302788.000000 
1.234000 
1296411994.000000 
1.234000 
939947218.000000 
1.234000 
-1926886607.000000 
1.234000 
-413967194.000000 
1.234000 
-1035074360.000000 
1.234000 
1127678891.000000 
1.234000 
-1897103724.000000 
1.234000 
-778359744.000000 
1.234000 
-1534309496.000000 
1.234000 
-225435462.000000 
1.234000 
350116679.000000 
1.234000 
-115437589.000000 
1.234000 
1304112993.000000 
1.234000 
1449865386.000000 
1.234000 
-564697716.000000 
1.234000 
-470403622.000000 
1.234000 
-1678353070.000000 
1.234000 
-1918117797.000000 
1.234000 
-1118315494.000000 
1.234000 
-1419857472.000000 
1.234000 
1284006178.000000 
1.234000 
-982365771.000000 
1.234000 
-2136574944.000000 
1.234000 
-2123723472.000000 
1.234000 
1788901016.000000 
1.234000 
-421053952.000000 
1.234000 
1230917496.000000 
1.234000 
-330645998.000000 
1.234000 
-1530552768.000000 
1.234000 
793935372.000000 
1.234000 
-790223300.000000 
1.234000 
-1916702680.000000 
1.234000 
-1487411096.000000 
1.234000 
415019018.000000 
1.234000 
-2059386151.000000 
1.234000 
792029464.000000 
1.234000 
-138790970.000000 
1.234000 
-427689168.000000 
1.234000 
-933573856.000000 
1.234000 
-1902268720.000000 
1.234000 
656456503.000000 
1.234000 
1150599832.000000 
1.234000 
-268194852.000000 
1.234000 
1814699840.000000 
1.234000 
1873158540.000000 
1.234000 
-1366396689.000000 
1.234000 
1776257216.000000 
1.234000 
1418881038.000000 
1.234000 
-203207940.000000 
1.234000 
1589193758.000000 
1.234000 
2002276496.000000 
1.234000 
-1188046781.000000 
1.234000 
-1612849152.000000 
1.234000 
-233810816.000000 
1.234000 
-354242386.000000 
1.234000 
-1717572272.000000 
1.234000 
-127063382.000000 
1.234000 
-1488752798.000000 
1.234000 
556069744.000000 
1.234000 
-1415236776.000000 
1.234000 
883260424.000000 
1.234000 
1493508880.000000 
1.234000 
-1141522336.000000 
1.234000 
1638629970.000000 
1.234000 
-1713367804.000000 
1.234000 
-621765270.000000 
1.234000 
-240977058.000000 
1.234000 
-312431722.000000 
1.234000 
-729124677.000000 
1.234000 
-335579924.000000 
1.234000 
1869719353.000000 
1.234000 
1259787156.000000 
1.234000 
-2002273436.000000 
1.234000 
-25908295.000000 
1.234000 
1328811404.000000 
1.234000 
-1539063568.000000 
1.234000 
-1784096054.000000 
1.234000 
-894694155.000000 
1.234000 
-381015708.000000 
1.234000 
1195818016.000000 
1.234000 
1593680713.000000 
1.234000 
-942935076.000000 
1.234000 
-947053224.000000 
1.234000 
-371616513.000000 
1.234000 
-1210471653.000000 
1.234000 
-1584346500.000000 
1.234000 
293960574.000000 
1.234000 
-1493992474.000000 
1.234000 
-1859066756.000000 
1.234000 
2033206552.000000 
1.234000 
-8222454.000000 
1.234000 
282037218.000000 
1.234000 
610203880.000000 
1.234000 
-1891983480.000000 
1.234000 
-2146135819.000000 
1.234000 
108208928.000000 
1.234000 
-942838607.000000 
1.234000 
823516704.000000 
1.234000 
-1754046172.000000 
1.234000 
-926747038.000000 
1.234000 
-464614020.000000 
1.234000 
1737411154.000000 
1.234000 
1613860507.000000 
1.234000 
233649322.000000 
1.234000 
1864616528.000000 
1.234000 
-1610241736.000000 
1.234000 
-223609681.000000 
1.234000 
219128562.000000 
1.234000 
574659576.000000 
1.234000 
-1407691660.000000 
1.234000 
947406178.000000 
1.234000 
-63659548.000000 
1.234000 
-708267556.000000 
1.234000 
-878224592.000000 
1.234000 
1567631864.000000 
1.234000 
-1192954659.000000 
1.234000 
394151615.000000 
1.234000 
-328657548.000000 
1.234000 
976160486.000000 
1.234000 
1388517442.000000 
1.234000 
459483874.000000 
1.234000 
-259679922.000000 
1.234000 
1699097920.000000 
1.234000 
1619725382.000000 
1.234000 
248179168.000000 
1.234000 
829400368.000000 
1.234000 
-594224812.000000 
1.234000 
-1152976538.000000 
1.234000 
-687549856.000000 
1.234000 
-1143155470.000000 
1.234000 
1785229308.000000 
1.234000 
967215084.000000 
1.234000 
-871537284.000000 
1.234000 
1456545998.000000 
1.234000 
-1634951600.000000 
1.234000 
-1102547504.000000 
1.234000 
438431872.000000 
1.234000 
-763460092.000000 
1.234000 
760356997.000000 
1.234000 
1926771752.000000 
1.234000 
-2103373320.000000 
1.234000 
-1664896179.000000 
1.234000 
983085125.000000 
1.234000 
-1467265979.000000 
1.234000 
2116568325.000000 
1.234000 
-37941584.000000 
1.234000 
1927427271.000000 
1.234000 
-1718632170.000000 
1.234000 
-904466320.000000 
1.234000 
-552531100.000000 
1.234000 
-1256698367.000000 
1.234000 
1391753501.000000 
1.234000 
708971406.000000 
1.234000 
707576751.000000 
1.234000 
-1311149952.000000 
1.234000 
1029889668.000000 
1.234000 
-1826782549.000000 
1.234000 
-352088200.000000 
1.234000 
1303513205.000000 
1.234000 
-1215828464.000000 
1.234000 
1707358848.000000 
1.234000 
-556796510.000000 
1.234000 
-1346181273.000000 
1.234000 
220265430.000000 
1.234000 
-209584384.000000 
1.234000 
2122473912.000000 
1.234000 
1031194908.000000 
1.234000 
1546834404.000000 
1.234000 
792795058.000000 
1.234000 
1083624312.000000 
1.234000 
-1191666241.000000 
1.234000 
331609036.000000 
1.234000 
651693162.000000 
1.234000 
-2016922376.000000 
1.234000 
143304750.000000 
1.234000 
-922123766.000000 
1.234000 
217679336.000000 
1.234000 
67032388.000000 
1.234000 
603837902.000000 
1.234000 
2051371140.000000 
1.234000 
-98007781.000000 
1.234000 
1225715206.000000 
1.234000 
-790775438.000000 
1.234000 
519537472.000000 
1.234000 
-1309722237.000000 
1.234000 
-985557693.000000 
1.234000 
-753016998.000000 
1.234000 
-2002939076.000000 
1.234000 
-789968457.000000 
1.234000 
1013543151.000000 
1.234000 
-1786090940.000000 
1.234000 
31675330.000000 
1.234000 
-1356123776.000000 
1.234000 
1271996714.000000 
1.234000 
-574351538.000000 
1.234000 
976968604.000000 
1.234000 
-1500762458.000000 
1.234000 
541475588.000000 
1.234000 
1164403744.000000 
1.234000 
581339874.000000 
1.234000 
-574776800.000000 
1.234000 
-1367692342.000000 
1.234000 
1078027546.000000 
1.234000 
563137991.000000 
1.234000 
34809736.000000 
1.234000 
655870062.000000 
1.234000 
-1927495296.000000 
1.234000 
893023987.000000 
1.234000 
-1442953134.000000 
1.234000 
1985563383.000000 
1.234000 
1557996988.000000 
1.234000 
678373224.000000 
1.234000 
1643983288.000000 
1.234000 
1872664012.000000 
1.234000 
818585796.000000 
1.234000 
394408544.000000 
1.234000 
-675031298.000000 
1.234000 
-1402450624.000000 
1.234000 
-687638432.000000 
1.234000 
-1167705932.000000 
1.234000 
-329545444.000000 
1.234000 
1145841296.000000 
1.234000 
-1562601832.000000 
1.234000 
-2037402016.000000 
1.234000 
1352979974.000000 
1.234000 
543808221.000000 
1.234000 
30390784.000000 
1.234000 
2118112479.000000 
1.234000 
249025854.000000 
1.234000 
943794041.000000 
1.234000 
537284134.000000 
1.234000 
1465126814.000000 
1.234000 
-560330946.000000 
1.234000 
-43291294.000000 
1.234000 
648958858.000000 
1.234000 
-441556102.000000 
1.234000 
-50669317.000000 
1.234000 
-739145536.000000 
1.234000 
-330690312.000000 
1.234000 
1584770048.000000 
1.234000 
1384135857.000000 
1.234000 
-1239287010.000000 
1.234000 
-1519201452.000000 
1.234000 
629770977.000000 
1.234000 
-2034262712.000000 
1.234000 
-1501837969.000000 
1.234000 
-1562514503.000000 
1.234000 
-1810399591.000000 
1.234000 
1607977753.000000 
1.234000 
1672847066.000000 
1.234000 
522831512.000000 
1.234000 
-1964683585.000000 
1.234000 
-1132999850.000000 
1.234000 
-157547243.000000 
1.234000 
603678862.000000 
1.234000 
380904999.000000 
1.234000 
-1927227752.000000 
1.234000 
1067267992.000000 
1.234000 
-1248000157.000000 
1.234000 
-1891262247.000000 
1.234000 
364956954.000000 
1.234000 
-1011496946.000000 
1.234000 
2078306401.000000 
1.234000 
728578788.000000 
1.234000 
216684182.000000 
1.234000 
-791448728.000000 
1.234000 
1393920208.000000 
1.234000 
-720324148.000000 
1.234000 
232963500.000000 
1.234000 
579336576.000000 
1.234000 
-60371280.000000 
1.234000 
-1791656976.000000 
1.234000 
-1616178846.000000 
1.234000 
2089069920.000000 
1.234000 
-262838396.000000 
1.234000 
-1212028040.000000 
1.234000 
-1625795916.000000 
1.234000 
1830864282.000000 
1.234000 
1085003364.000000 
1.234000 
1499178023.000000 
1.234000 
1968860469.000000 
1.234000 
1670943808.000000 
1.234000 
-1200237634.000000 
1.234000 
-55683712.000000 
1.234000 
-1377671944.000000 
1.234000 
-712867966.000000 
1.234000 
596972416.000000 
1.234000 
728076501.000000 
1.234000 
1931738039.000000 
1.234000 
220122653.000000 
1.234000 
1597180406.000000 
1.234000 
-79975724.000000 
1.234000 
-544628308.000000 
1.234000 
-873440201.000000 
1.234000 
-563255311.000000 
1.234000 
137519198.000000 
1.234000 
-632906976.000000 
1.234000 
1649488612.000000 
1.234000 
738930064.000000 
1.234000 
1863424452.000000 
1.234000 
-1781196540.000000 
1.234000 
-1694616172.000000 
1.234000 
-718274209.000000 
1.234000 
-819619480.000000 
1.234000 
851556448.000000 
1.234000 
1542547914.000000 
1.234000 
-1327621456.000000 
1.234000 
1899898574.000000 
1.234000 
514155485.000000 
1.234000 
1971517204.000000 
1.234000 
30497228.000000 
1.234000 
796899898.000000 
1.234000 
-1220418488.000000 
1.234000 
2103313072.000000 
1.234000 
-769425032.000000 
1.234000 
-1129077504.000000 
1.234000 
-60668992.000000 
1.234000 
1680519627.000000 
1.234000 
317175247.000000 
1.234000 
-2066276580.000000 
1.234000 
103692224.000000 
1.234000 
2012505658.000000 
1.234000 
1859171064.000000 
1.234000 
1790296566.000000 
1.234000 
1457210832.000000 
1.234000 
-342257520.000000 
1.234000 
-1879417072.000000 
1.234000 
567658327.000000 
1.234000 
-53193642.000000 
1.234000 
-1229149764.000000 
1.234000 
-1763896014.000000 
1.234000 
1374151688.000000 
1.234000 
2079126256.000000 
1.234000 
-718447024.000000 
1.234000 
504475822.000000 
1.234000 
-812452344.000000 
1.234000 
-1762478604.000000 
1.234000 
-1496824674.000000 
1.234000 
-289973501.000000 
1.234000 
1186995428.000000 
1.234000 
117671920.000000 
1.234000 
-1938197032.000000 
1.234000 
-1788360060.000000 
1.234000 
-2133990800.000000 
1.234000 
543096035.000000 
1.234000 
1844581564.000000 
1.234000 
-1189327379.000000 
1.234000 
4636936.000000 
1.234000 
-2047460638.000000 
1.234000 
50567318.000000 
1.234000 
-1164145258.000000 
1.234000 
149142830.000000 
1.234000 
-1230858552.000000 
1.234000 
1375256356.000000 
1.234000 
722136931.000000 
1.234000 
182610620.000000 
1.234000 
1696475519.000000 
1.234000 
962663384.000000 
1.234000 
-1971529156.000000 
1.234000 
-1371101100.000000 
1.234000 
-34061499.000000 
1.234000 
-1684256754.000000 
1.234000 
58079629.000000 
1.234000 
-255822380.000000 
1.234000 
-1752144062.000000 
1.234000 
-1934813361.000000 
1.234000 
-1209085220.000000 
1.234000 
-909758156.000000 
1.234000 
695092050.000000 
1.234000 
-819140087.000000 
1.234000 
-1593784145.000000 
1.234000 
-2004620448.000000 
1.234000 
-1381178738.000000 
1.234000 
-600763043.000000 
1.234000 
1199681288.000000 
1.234000 
1368624053.000000 
1.234000 
-876891863.000000 
1.234000 
1240000976.000000 
1.234000 
-1683271472.000000 
1.234000 
355775176.000000 
1.234000 
-1037193172.000000 
1.234000 
1529223966.000000 
1.234000 
1043223654.000000 
1.234000 
1886573708.000000 
1.234000 
-241305090.000000 
1.234000 
-1942268120.000000 
1.234000 
-523009888.000000 
1.234000 
505691072.000000 
1.234000 
-2076906548.000000 
1.234000 
1024448000.000000 
1.234000 
-935921192.000000 
1.234000 
-330534121.000000 
1.234000 
-1707635051.000000 
1.234000 
82178540.000000 
1.234000 
-1857812779.000000 
1.234000 
-1902674737.000000 
1.234000 
-1001094120.000000 
1.234000 
-311028640.000000 
1.234000 
-586197092.000000 
1.234000 
-642115037.000000 
1.234000 
43170418.000000 
1.234000 
2071866063.000000 
1.234000 
549395102.000000 
1.234000 
1159987127.000000 
1.234000 
-598680217.000000 
1.234000 
407114444.000000 
1.234000 
1726581845.000000 
1.234000 
265476151.000000 
1.234000 
1512106818.000000 
1.234000 
868137710.000000 
1.234000 
2134485114.000000 
1.234000 
1370101141.000000 
1.234000 
285921186.000000 
1.234000 
1793887455.000000 
1.234000 
-45974252.000000 
1.234000 
970989800.000000 
1.234000 
1461246712.000000 
1.234000 
-226172598.000000 
1.234000 
-1546036085.000000 
1.234000 
-2128335512.000000 
1.234000 
2119973996.000000 
1.234000 
-1649238902.000000 
1.234000 
1213523449.000000 
1.234000 
116338408.000000 
1.234000 
-1827610578.000000 
1.234000 
-897491708.000000 
1.234000 
1895208514.000000 
1.234000 
-1382566762.000000 
1.234000 
-306465570.000000 
1.234000 
549137472.000000 
1.234000 
-1515998121.000000 
1.234000 
703425472.000000 
1.234000 
-1446635631.000000 
1.234000 
1873762295.000000 
1.234000 
-1653357994.000000 
1.234000 
1061562196.000000 
1.234000 
110654720.000000 
1.234000 
1272671139.000000 
1.234000 
125976507.000000 
1.234000 
-1796346300.000000 
1.234000 
1552388568.000000 
1.234000 
1486740167.000000 
1.234000 
-451517406.000000 
1.234000 
1584920528.000000 
1.234000 
1522758012.000000 
1.234000 
173821685.000000 
1.234000 
-1087954481.000000 
1.234000 
-303994336.000000 
1.234000 
-964152444.000000 
1.234000 
-1791263044.000000 
1.234000 
740870470.000000 
1.234000 
-1114401845.000000 
1.234000 
1837984085.000000 
1.234000 
-1961685759.000000 
1.234000 
980683476.000000 
1.234000 
1687763520.000000 
1.234000 
-804094764.000000 
1.234000 
1902183920.000000 
1.234000 
-237426372.000000 
1.234000 
-619266470.000000 
1.234000 
-129297562.000000 
1.234000 
2147377730.000000 
1.234000 
546549.000000 
1.234000 
-1749160959.000000 
1.234000 
2024938282.000000 
1.234000 
-104847726.000000 
1.234000 
350661093.000000 
1.234000 
368919688.000000 
1.234000 
1132886688.000000 
1.234000 
666919614.000000 
1.234000 
1893770312.000000 
1.234000 
1424925357.000000 
1.234000 
1593899959.000000 
1.234000 
1767575194.000000 
1.234000 
-1064590208.000000 
1.234000 
-388351515.000000 
1.234000 
955625464.000000 
1.234000 
2081419530.000000 
1.234000 
1500956268.000000 
1.234000 
489300416.000000 
1.234000 
1983716144.000000 
1.234000 
607476152.000000 
1.234000 
1519187590.000000 
1.234000 
-309865956.000000 
1.234000 
-87546820.000000 
1.234000 
1825543918.000000 
1.234000 
-521185040.000000 
1.234000 
819713728.000000 
1.234000 
-1817773807.000000 
1.234000 
-871603689.000000 
1.234000 
379047879.000000 
1.234000 
37467169.000000 
1.234000 
147257186.000000 
1.234000 
-825122168.000000 
1.234000 
424207456.000000 
1.234000 
-560450507.000000 
1.234000 
160355496.000000 
1.234000 
-166399670.000000 
1.234000 
637872449.000000 
1.234000 
-1994157080.000000 
1.234000 
-1231272202.000000 
1.234000 
-573349952.000000 
1.234000 
-1685428200.000000 
1.234000 
1530428524.000000 
1.234000 
773896329.000000 
1.234000 
-734959018.000000 
1.234000 
1012219296.000000 
1.234000 
-335901960.000000 
1.234000 
1532076330.000000 
1.234000 
1921979564.000000 
1.234000 
-41983571.000000 
1.234000 
-579603085.000000 
1.234000 
862302808.000000 
1.234000 
-1393518179.000000 
1.234000 
2086961350.000000 
1.234000 
-1959150948.000000 
1.234000 
-1043766472.000000 
1.234000 
919211904.000000 
1.234000 
1010609495.000000 
1.234000 
1752545936.000000 
1.234000 
-1130852984.000000 
1.234000 
185970898.000000 
1.234000 
-204806520.000000 
1.234000 
-400421546.000000 
1.234000 
-1132199536.000000 
1.234000 
1827587969.000000 
1.234000 
-422633410.000000 
1.234000 
1954999657.000000 
1.234000 
-1865063920.000000 
1.234000 
-1846622431.000000 
1.234000 
-930407934.000000 
1.234000 
-129388924.000000 
1.234000 
-939511448.000000 
1.234000 
-1648371190.000000 
1.234000 
20206392.000000 
1.234000 
-422292497.000000 
1.234000 
829064559.000000 
1.234000 
-816988597.000000 
1.234000 
-743150455.000000 
1.234000 
-1249928280.000000 
1.234000 
-1486821430.000000 
1.234000 
321544452.000000 
1.234000 
1546086518.000000 
1.234000 
2032598979.000000 
1.234000 
1064940106.000000 
1.234000 
-621923058.000000 
1.234000 
765279252.000000 
1.234000 
615286192.000000 
1.234000 
714102396.000000 
1.234000 
91315325.000000 
1.234000 
-684073622.000000 
1.234000 
911941164.000000 
1.234000 
-826567126.000000 
1.234000 
-1941762930.000000 
1.234000 
518010540.000000 
1.234000 
1112405408.000000 
1.234000 
-1879120928.000000 
1.234000 
1120135376.000000 
1.234000 
-2068642832.000000 
1.234000 
-298993339.000000 
1.234000 
-1894924392.000000 
1.234000 
1217645804.000000 
1.234000 
500510978.000000 
1.234000 
-1445759450.000000 
1.234000 
-1419086406.000000 
1.234000 
915046654.000000 
1.234000 
-1384867852.000000 
1.234000 
-405239420.000000 
1.234000 
77043533.000000 
1.234000 
1290414009.000000 
1.234000 
-2112147234.000000 
1.234000 
-992170408.000000 
1.234000 
-1623781958.000000 
1.234000 
-1211134410.000000 
1.234000 
1108517521.000000 
1.234000 
-248701852.000000 
1.234000 
2064869797.000000 
1.234000 
-643603110.000000 
1.234000 
1353472660.000000 
1.234000 
-1410567852.000000 
1.234000 
-387192405.000000 
1.234000 
-2013942481.000000 
1.234000 
661037966.000000 
1.234000 
-38438312.000000 
1.234000 
-463565737.000000 
1.234000 
-322059750.000000 
1.234000 
546280240.000000 
1.234000 
1588580816.000000 
1.234000 
341264750.000000 
1.234000 
965768126.000000 
1.234000 
363280620.000000 
1.234000 
-458462768.000000 
1.234000 
231220529.000000 
1.234000 
1491265174.000000 
1.234000 
375394684.000000 
1.234000 
-1557627076.000000 
1.234000 
792783212.000000 
1.234000 
631212505.000000 
1.234000 
-35090612.000000 
1.234000 
493344765.000000 
1.234000 
-1478158362.000000 
1.234000 
-704077088.000000 
1.234000 
1644292184.000000 
1.234000 
-101791384.000000 
1.234000 
2052805936.000000 
1.234000 
493312936.000000 
1.234000 
-1458268081.000000 
1.234000 
1355948822.000000 
1.234000 
-2020518301.000000 
1.234000 
225572324.000000 
1.234000 
-1823144256.000000 
1.234000 
-1131189561.000000 
1.234000 
-337554508.000000 
1.234000 
-1442837820.000000 
1.234000 
771261640.000000 
1.234000 
-596717627.000000 
1.234000 
-1723380656.000000 
1.234000 
-1322586734.000000 
1.234000 
-144598419.000000 
1.234000 
1127709151.000000 
1.234000 
-1546581248.000000 
1.234000 
-278284786.000000 
1.234000 
-2022847190.000000 
1.234000 
-1032705048.000000 
1.234000 
-372217166.000000 
1.234000 
-1584800240.000000 
1.234000 
1483036828.000000 
1.234000 
2079876073.000000 
1.234000 
-186528711.000000 
1.234000 
-1473365496.000000 
1.234000 
-2138175871.000000 
1.234000 
648897680.000000 
1.234000 
-206306728.000000 
1.234000 
-1127113703.000000 
1.234000 
-25369944.000000 
